2015-06-16,1,M00836