2015-03-30,1,M00966
2015-07-03,1.118,M00966