2015-02-25,1,M02860