2015-04-16,1,M02894