2015-04-29,1,M05018