2013-12-23,1,P06868