2014-12-09,1,P09449