2014-02-20,1,P09802