2007-04-02,1,P14179