2015-04-19,1,S33434