2015-06-03,1,S36328